5 0.261435 0.712435 0.061514 0.108808
5 0.661672 0.715997 0.062303 0.114637
1 0.329062 0.714378 0.076893 0.094560
1 0.527603 0.714702 0.074921 0.092617
0 0.725552 0.594236 0.041798 0.082254
2 0.610607 0.528174 0.069795 0.110751
7 0.459385 0.703044 0.062303 0.112047
1 0.529377 0.538536 0.055599 0.101684
5 0.647279 0.158679 0.052445 0.071244
4 0.591877 0.718588 0.038644 0.091321
7 0.284503 0.597798 0.068218 0.104922
4 0.497634 0.450130 0.039432 0.053109
6 0.474961 0.354922 0.071372 0.081606
5 0.297121 0.164832 0.055599 0.078368
3 0.571767 0.622733 0.045741 0.080959
